test for C3D20R element
 1169    1    1    1
    1    0    0    0  0.055000  0.025000  0.020000
    2    0    0    0  0.055000  0.020000  0.020000
    3    0    0    0  0.055000  0.015000  0.020000
    4    0    0    0  0.055000  0.010000  0.020000
    5    0    0    0  0.055000  0.005000  0.020000
    6    0    0    0  0.055000  0.000000  0.020000
    7    0    0    0  0.055000  0.025000  0.015000
    8    0    0    0  0.055000  0.020000  0.015000
    9    0    0    0  0.055000  0.015000  0.015000
   10    0    0    0  0.055000  0.010000  0.015000
   11    0    0    0  0.055000  0.005000  0.015000
   12    0    0    0  0.055000  0.000000  0.015000
   13    0    0    0  0.055000  0.025000  0.010000
   14    0    0    0  0.055000  0.020000  0.010000
   15    0    0    0  0.055000  0.015000  0.010000
   16    0    0    0  0.055000  0.010000  0.010000
   17    0    0    0  0.055000  0.005000  0.010000
   18    0    0    0  0.055000  0.000000  0.010000
   19    0    0    0  0.055000  0.025000  0.005000
   20    0    0    0  0.055000  0.020000  0.005000
   21    0    0    0  0.055000  0.015000  0.005000
   22    0    0    0  0.055000  0.010000  0.005000
   23    0    0    0  0.055000  0.005000  0.005000
   24    0    0    0  0.055000  0.000000  0.005000
   25    0    0    0  0.055000  0.025000  0.000000
   26    0    0    0  0.055000  0.020000  0.000000
   27    0    0    0  0.055000  0.015000  0.000000
   28    0    0    0  0.055000  0.010000  0.000000
   29    0    0    0  0.055000  0.005000  0.000000
   30    0    0    0  0.055000  0.000000  0.000000
   31    0    0    0  0.049500  0.025000  0.020000
   32    0    0    0  0.049500  0.020000  0.020000
   33    0    0    0  0.049500  0.015000  0.020000
   34    0    0    0  0.049500  0.010000  0.020000
   35    0    0    0  0.049500  0.005000  0.020000
   36    0    0    0  0.049500  0.000000  0.020000
   37    0    0    0  0.049500  0.025000  0.015000
   38    0    0    0  0.049500  0.020000  0.015000
   39    0    0    0  0.049500  0.015000  0.015000
   40    0    0    0  0.049500  0.010000  0.015000
   41    0    0    0  0.049500  0.005000  0.015000
   42    0    0    0  0.049500  0.000000  0.015000
   43    0    0    0  0.049500  0.025000  0.010000
   44    0    0    0  0.049500  0.020000  0.010000
   45    0    0    0  0.049500  0.015000  0.010000
   46    0    0    0  0.049500  0.010000  0.010000
   47    0    0    0  0.049500  0.005000  0.010000
   48    0    0    0  0.049500  0.000000  0.010000
   49    0    0    0  0.049500  0.025000  0.005000
   50    0    0    0  0.049500  0.020000  0.005000
   51    0    0    0  0.049500  0.015000  0.005000
   52    0    0    0  0.049500  0.010000  0.005000
   53    0    0    0  0.049500  0.005000  0.005000
   54    0    0    0  0.049500  0.000000  0.005000
   55    0    0    0  0.049500  0.025000  0.000000
   56    0    0    0  0.049500  0.020000  0.000000
   57    0    0    0  0.049500  0.015000  0.000000
   58    0    0    0  0.049500  0.010000  0.000000
   59    0    0    0  0.049500  0.005000  0.000000
   60    0    0    0  0.049500  0.000000  0.000000
   61    0    0    0  0.044000  0.025000  0.020000
   62    0    0    0  0.044000  0.020000  0.020000
   63    0    0    0  0.044000  0.015000  0.020000
   64    0    0    0  0.044000  0.010000  0.020000
   65    0    0    0  0.044000  0.005000  0.020000
   66    0    0    0  0.044000  0.000000  0.020000
   67    0    0    0  0.044000  0.025000  0.015000
   68    0    0    0  0.044000  0.020000  0.015000
   69    0    0    0  0.044000  0.015000  0.015000
   70    0    0    0  0.044000  0.010000  0.015000
   71    0    0    0  0.044000  0.005000  0.015000
   72    0    0    0  0.044000  0.000000  0.015000
   73    0    0    0  0.044000  0.025000  0.010000
   74    0    0    0  0.044000  0.020000  0.010000
   75    0    0    0  0.044000  0.015000  0.010000
   76    0    0    0  0.044000  0.010000  0.010000
   77    0    0    0  0.044000  0.005000  0.010000
   78    0    0    0  0.044000  0.000000  0.010000
   79    0    0    0  0.044000  0.025000  0.005000
   80    0    0    0  0.044000  0.020000  0.005000
   81    0    0    0  0.044000  0.015000  0.005000
   82    0    0    0  0.044000  0.010000  0.005000
   83    0    0    0  0.044000  0.005000  0.005000
   84    0    0    0  0.044000  0.000000  0.005000
   85    0    0    0  0.044000  0.025000  0.000000
   86    0    0    0  0.044000  0.020000  0.000000
   87    0    0    0  0.044000  0.015000  0.000000
   88    0    0    0  0.044000  0.010000  0.000000
   89    0    0    0  0.044000  0.005000  0.000000
   90    0    0    0  0.044000  0.000000  0.000000
   91    0    0    0  0.038500  0.025000  0.020000
   92    0    0    0  0.038500  0.020000  0.020000
   93    0    0    0  0.038500  0.015000  0.020000
   94    0    0    0  0.038500  0.010000  0.020000
   95    0    0    0  0.038500  0.005000  0.020000
   96    0    0    0  0.038500  0.000000  0.020000
   97    0    0    0  0.038500  0.025000  0.015000
   98    0    0    0  0.038500  0.020000  0.015000
   99    0    0    0  0.038500  0.015000  0.015000
  100    0    0    0  0.038500  0.010000  0.015000
  101    0    0    0  0.038500  0.005000  0.015000
  102    0    0    0  0.038500  0.000000  0.015000
  103    0    0    0  0.038500  0.025000  0.010000
  104    0    0    0  0.038500  0.020000  0.010000
  105    0    0    0  0.038500  0.015000  0.010000
  106    0    0    0  0.038500  0.010000  0.010000
  107    0    0    0  0.038500  0.005000  0.010000
  108    0    0    0  0.038500  0.000000  0.010000
  109    0    0    0  0.038500  0.025000  0.005000
  110    0    0    0  0.038500  0.020000  0.005000
  111    0    0    0  0.038500  0.015000  0.005000
  112    0    0    0  0.038500  0.010000  0.005000
  113    0    0    0  0.038500  0.005000  0.005000
  114    0    0    0  0.038500  0.000000  0.005000
  115    0    0    0  0.038500  0.025000  0.000000
  116    0    0    0  0.038500  0.020000  0.000000
  117    0    0    0  0.038500  0.015000  0.000000
  118    0    0    0  0.038500  0.010000  0.000000
  119    0    0    0  0.038500  0.005000  0.000000
  120    0    0    0  0.038500  0.000000  0.000000
  121    0    0    0  0.033000  0.025000  0.020000
  122    0    0    0  0.033000  0.020000  0.020000
  123    0    0    0  0.033000  0.015000  0.020000
  124    0    0    0  0.033000  0.010000  0.020000
  125    0    0    0  0.033000  0.005000  0.020000
  126    0    0    0  0.033000  0.000000  0.020000
  127    0    0    0  0.033000  0.025000  0.015000
  128    0    0    0  0.033000  0.020000  0.015000
  129    0    0    0  0.033000  0.015000  0.015000
  130    0    0    0  0.033000  0.010000  0.015000
  131    0    0    0  0.033000  0.005000  0.015000
  132    0    0    0  0.033000  0.000000  0.015000
  133    0    0    0  0.033000  0.025000  0.010000
  134    0    0    0  0.033000  0.020000  0.010000
  135    0    0    0  0.033000  0.015000  0.010000
  136    0    0    0  0.033000  0.010000  0.010000
  137    0    0    0  0.033000  0.005000  0.010000
  138    0    0    0  0.033000  0.000000  0.010000
  139    0    0    0  0.033000  0.025000  0.005000
  140    0    0    0  0.033000  0.020000  0.005000
  141    0    0    0  0.033000  0.015000  0.005000
  142    0    0    0  0.033000  0.010000  0.005000
  143    0    0    0  0.033000  0.005000  0.005000
  144    0    0    0  0.033000  0.000000  0.005000
  145    0    0    0  0.033000  0.025000  0.000000
  146    0    0    0  0.033000  0.020000  0.000000
  147    0    0    0  0.033000  0.015000  0.000000
  148    0    0    0  0.033000  0.010000  0.000000
  149    0    0    0  0.033000  0.005000  0.000000
  150    0    0    0  0.033000  0.000000  0.000000
  151    0    0    0  0.027500  0.025000  0.020000
  152    0    0    0  0.027500  0.020000  0.020000
  153    0    0    0  0.027500  0.015000  0.020000
  154    0    0    0  0.027500  0.010000  0.020000
  155    0    0    0  0.027500  0.005000  0.020000
  156    0    0    0  0.027500  0.000000  0.020000
  157    0    0    0  0.027500  0.025000  0.015000
  158    0    0    0  0.027500  0.020000  0.015000
  159    0    0    0  0.027500  0.015000  0.015000
  160    0    0    0  0.027500  0.010000  0.015000
  161    0    0    0  0.027500  0.005000  0.015000
  162    0    0    0  0.027500  0.000000  0.015000
  163    0    0    0  0.027500  0.025000  0.010000
  164    0    0    0  0.027500  0.020000  0.010000
  165    0    0    0  0.027500  0.015000  0.010000
  166    0    0    0  0.027500  0.010000  0.010000
  167    0    0    0  0.027500  0.005000  0.010000
  168    0    0    0  0.027500  0.000000  0.010000
  169    0    0    0  0.027500  0.025000  0.005000
  170    0    0    0  0.027500  0.020000  0.005000
  171    0    0    0  0.027500  0.015000  0.005000
  172    0    0    0  0.027500  0.010000  0.005000
  173    0    0    0  0.027500  0.005000  0.005000
  174    0    0    0  0.027500  0.000000  0.005000
  175    0    0    0  0.027500  0.025000  0.000000
  176    0    0    0  0.027500  0.020000  0.000000
  177    0    0    0  0.027500  0.015000  0.000000
  178    0    0    0  0.027500  0.010000  0.000000
  179    0    0    0  0.027500  0.005000  0.000000
  180    0    0    0  0.027500  0.000000  0.000000
  181    0    0    0  0.022000  0.025000  0.020000
  182    0    0    0  0.022000  0.020000  0.020000
  183    0    0    0  0.022000  0.015000  0.020000
  184    0    0    0  0.022000  0.010000  0.020000
  185    0    0    0  0.022000  0.005000  0.020000
  186    0    0    0  0.022000  0.000000  0.020000
  187    0    0    0  0.022000  0.025000  0.015000
  188    0    0    0  0.022000  0.020000  0.015000
  189    0    0    0  0.022000  0.015000  0.015000
  190    0    0    0  0.022000  0.010000  0.015000
  191    0    0    0  0.022000  0.005000  0.015000
  192    0    0    0  0.022000  0.000000  0.015000
  193    0    0    0  0.022000  0.025000  0.010000
  194    0    0    0  0.022000  0.020000  0.010000
  195    0    0    0  0.022000  0.015000  0.010000
  196    0    0    0  0.022000  0.010000  0.010000
  197    0    0    0  0.022000  0.005000  0.010000
  198    0    0    0  0.022000  0.000000  0.010000
  199    0    0    0  0.022000  0.025000  0.005000
  200    0    0    0  0.022000  0.020000  0.005000
  201    0    0    0  0.022000  0.015000  0.005000
  202    0    0    0  0.022000  0.010000  0.005000
  203    0    0    0  0.022000  0.005000  0.005000
  204    0    0    0  0.022000  0.000000  0.005000
  205    0    0    0  0.022000  0.025000  0.000000
  206    0    0    0  0.022000  0.020000  0.000000
  207    0    0    0  0.022000  0.015000  0.000000
  208    0    0    0  0.022000  0.010000  0.000000
  209    0    0    0  0.022000  0.005000  0.000000
  210    0    0    0  0.022000  0.000000  0.000000
  211    0    0    0  0.016500  0.025000  0.020000
  212    0    0    0  0.016500  0.020000  0.020000
  213    0    0    0  0.016500  0.015000  0.020000
  214    0    0    0  0.016500  0.010000  0.020000
  215    0    0    0  0.016500  0.005000  0.020000
  216    0    0    0  0.016500  0.000000  0.020000
  217    0    0    0  0.016500  0.025000  0.015000
  218    0    0    0  0.016500  0.020000  0.015000
  219    0    0    0  0.016500  0.015000  0.015000
  220    0    0    0  0.016500  0.010000  0.015000
  221    0    0    0  0.016500  0.005000  0.015000
  222    0    0    0  0.016500  0.000000  0.015000
  223    0    0    0  0.016500  0.025000  0.010000
  224    0    0    0  0.016500  0.020000  0.010000
  225    0    0    0  0.016500  0.015000  0.010000
  226    0    0    0  0.016500  0.010000  0.010000
  227    0    0    0  0.016500  0.005000  0.010000
  228    0    0    0  0.016500  0.000000  0.010000
  229    0    0    0  0.016500  0.025000  0.005000
  230    0    0    0  0.016500  0.020000  0.005000
  231    0    0    0  0.016500  0.015000  0.005000
  232    0    0    0  0.016500  0.010000  0.005000
  233    0    0    0  0.016500  0.005000  0.005000
  234    0    0    0  0.016500  0.000000  0.005000
  235    0    0    0  0.016500  0.025000  0.000000
  236    0    0    0  0.016500  0.020000  0.000000
  237    0    0    0  0.016500  0.015000  0.000000
  238    0    0    0  0.016500  0.010000  0.000000
  239    0    0    0  0.016500  0.005000  0.000000
  240    0    0    0  0.016500  0.000000  0.000000
  241    0    0    0  0.011000  0.025000  0.020000
  242    0    0    0  0.011000  0.020000  0.020000
  243    0    0    0  0.011000  0.015000  0.020000
  244    0    0    0  0.011000  0.010000  0.020000
  245    0    0    0  0.011000  0.005000  0.020000
  246    0    0    0  0.011000  0.000000  0.020000
  247    0    0    0  0.011000  0.025000  0.015000
  248    0    0    0  0.011000  0.020000  0.015000
  249    0    0    0  0.011000  0.015000  0.015000
  250    0    0    0  0.011000  0.010000  0.015000
  251    0    0    0  0.011000  0.005000  0.015000
  252    0    0    0  0.011000  0.000000  0.015000
  253    0    0    0  0.011000  0.025000  0.010000
  254    0    0    0  0.011000  0.020000  0.010000
  255    0    0    0  0.011000  0.015000  0.010000
  256    0    0    0  0.011000  0.010000  0.010000
  257    0    0    0  0.011000  0.005000  0.010000
  258    0    0    0  0.011000  0.000000  0.010000
  259    0    0    0  0.011000  0.025000  0.005000
  260    0    0    0  0.011000  0.020000  0.005000
  261    0    0    0  0.011000  0.015000  0.005000
  262    0    0    0  0.011000  0.010000  0.005000
  263    0    0    0  0.011000  0.005000  0.005000
  264    0    0    0  0.011000  0.000000  0.005000
  265    0    0    0  0.011000  0.025000  0.000000
  266    0    0    0  0.011000  0.020000  0.000000
  267    0    0    0  0.011000  0.015000  0.000000
  268    0    0    0  0.011000  0.010000  0.000000
  269    0    0    0  0.011000  0.005000  0.000000
  270    0    0    0  0.011000  0.000000  0.000000
  271    0    0    0  0.005500  0.025000  0.020000
  272    0    0    0  0.005500  0.020000  0.020000
  273    0    0    0  0.005500  0.015000  0.020000
  274    0    0    0  0.005500  0.010000  0.020000
  275    0    0    0  0.005500  0.005000  0.020000
  276    0    0    0  0.005500  0.000000  0.020000
  277    0    0    0  0.005500  0.025000  0.015000
  278    0    0    0  0.005500  0.020000  0.015000
  279    0    0    0  0.005500  0.015000  0.015000
  280    0    0    0  0.005500  0.010000  0.015000
  281    0    0    0  0.005500  0.005000  0.015000
  282    0    0    0  0.005500  0.000000  0.015000
  283    0    0    0  0.005500  0.025000  0.010000
  284    0    0    0  0.005500  0.020000  0.010000
  285    0    0    0  0.005500  0.015000  0.010000
  286    0    0    0  0.005500  0.010000  0.010000
  287    0    0    0  0.005500  0.005000  0.010000
  288    0    0    0  0.005500  0.000000  0.010000
  289    0    0    0  0.005500  0.025000  0.005000
  290    0    0    0  0.005500  0.020000  0.005000
  291    0    0    0  0.005500  0.015000  0.005000
  292    0    0    0  0.005500  0.010000  0.005000
  293    0    0    0  0.005500  0.005000  0.005000
  294    0    0    0  0.005500  0.000000  0.005000
  295    0    0    0  0.005500  0.025000  0.000000
  296    0    0    0  0.005500  0.020000  0.000000
  297    0    0    0  0.005500  0.015000  0.000000
  298    0    0    0  0.005500  0.010000  0.000000
  299    0    0    0  0.005500  0.005000  0.000000
  300    0    0    0  0.005500  0.000000  0.000000
  301    1    1    1  0.000000  0.025000  0.020000
  302    1    1    1  0.000000  0.020000  0.020000
  303    1    1    1  0.000000  0.015000  0.020000
  304    1    1    1  0.000000  0.010000  0.020000
  305    1    1    1  0.000000  0.005000  0.020000
  306    1    1    1  0.000000  0.000000  0.020000
  307    1    1    1  0.000000  0.025000  0.015000
  308    1    1    1  0.000000  0.020000  0.015000
  309    1    1    1  0.000000  0.015000  0.015000
  310    1    1    1  0.000000  0.010000  0.015000
  311    1    1    1  0.000000  0.005000  0.015000
  312    1    1    1  0.000000  0.000000  0.015000
  313    1    1    1  0.000000  0.025000  0.010000
  314    1    1    1  0.000000  0.020000  0.010000
  315    1    1    1  0.000000  0.015000  0.010000
  316    1    1    1  0.000000  0.010000  0.010000
  317    1    1    1  0.000000  0.005000  0.010000
  318    1    1    1  0.000000  0.000000  0.010000
  319    1    1    1  0.000000  0.025000  0.005000
  320    1    1    1  0.000000  0.020000  0.005000
  321    1    1    1  0.000000  0.015000  0.005000
  322    1    1    1  0.000000  0.010000  0.005000
  323    1    1    1  0.000000  0.005000  0.005000
  324    1    1    1  0.000000  0.000000  0.005000
  325    1    1    1  0.000000  0.025000  0.000000
  326    1    1    1  0.000000  0.020000  0.000000
  327    1    1    1  0.000000  0.015000  0.000000
  328    1    1    1  0.000000  0.010000  0.000000
  329    1    1    1  0.000000  0.005000  0.000000
  330    1    1    1  0.000000  0.000000  0.000000
  331    0    0    0  0.049500  0.025000  0.017500
  332    0    0    0  0.049500  0.022500  0.015000
  333    0    0    0  0.049500  0.020000  0.017500
  334    0    0    0  0.049500  0.022500  0.020000
  335    0    0    0  0.055000  0.022500  0.020000
  336    0    0    0  0.055000  0.020000  0.017500
  337    0    0    0  0.055000  0.022500  0.015000
  338    0    0    0  0.055000  0.025000  0.017500
  339    0    0    0  0.052250  0.020000  0.020000
  340    0    0    0  0.052250  0.025000  0.020000
  341    0    0    0  0.052250  0.020000  0.015000
  342    0    0    0  0.052250  0.025000  0.015000
  343    0    0    0  0.049500  0.017500  0.015000
  344    0    0    0  0.049500  0.015000  0.017500
  345    0    0    0  0.049500  0.017500  0.020000
  346    0    0    0  0.055000  0.017500  0.020000
  347    0    0    0  0.055000  0.015000  0.017500
  348    0    0    0  0.055000  0.017500  0.015000
  349    0    0    0  0.052250  0.015000  0.020000
  350    0    0    0  0.052250  0.015000  0.015000
  351    0    0    0  0.049500  0.012500  0.015000
  352    0    0    0  0.049500  0.010000  0.017500
  353    0    0    0  0.049500  0.012500  0.020000
  354    0    0    0  0.055000  0.012500  0.020000
  355    0    0    0  0.055000  0.010000  0.017500
  356    0    0    0  0.055000  0.012500  0.015000
  357    0    0    0  0.052250  0.010000  0.020000
  358    0    0    0  0.052250  0.010000  0.015000
  359    0    0    0  0.049500  0.007500  0.015000
  360    0    0    0  0.049500  0.005000  0.017500
  361    0    0    0  0.049500  0.007500  0.020000
  362    0    0    0  0.055000  0.007500  0.020000
  363    0    0    0  0.055000  0.005000  0.017500
  364    0    0    0  0.055000  0.007500  0.015000
  365    0    0    0  0.052250  0.005000  0.020000
  366    0    0    0  0.052250  0.005000  0.015000
  367    0    0    0  0.049500  0.002500  0.015000
  368    0    0    0  0.049500  0.000000  0.017500
  369    0    0    0  0.049500  0.002500  0.020000
  370    0    0    0  0.055000  0.002500  0.020000
  371    0    0    0  0.055000  0.000000  0.017500
  372    0    0    0  0.055000  0.002500  0.015000
  373    0    0    0  0.052250  0.000000  0.020000
  374    0    0    0  0.052250  0.000000  0.015000
  375    0    0    0  0.049500  0.025000  0.012500
  376    0    0    0  0.049500  0.022500  0.010000
  377    0    0    0  0.049500  0.020000  0.012500
  378    0    0    0  0.055000  0.020000  0.012500
  379    0    0    0  0.055000  0.022500  0.010000
  380    0    0    0  0.055000  0.025000  0.012500
  381    0    0    0  0.052250  0.020000  0.010000
  382    0    0    0  0.052250  0.025000  0.010000
  383    0    0    0  0.049500  0.017500  0.010000
  384    0    0    0  0.049500  0.015000  0.012500
  385    0    0    0  0.055000  0.015000  0.012500
  386    0    0    0  0.055000  0.017500  0.010000
  387    0    0    0  0.052250  0.015000  0.010000
  388    0    0    0  0.049500  0.012500  0.010000
  389    0    0    0  0.049500  0.010000  0.012500
  390    0    0    0  0.055000  0.010000  0.012500
  391    0    0    0  0.055000  0.012500  0.010000
  392    0    0    0  0.052250  0.010000  0.010000
  393    0    0    0  0.049500  0.007500  0.010000
  394    0    0    0  0.049500  0.005000  0.012500
  395    0    0    0  0.055000  0.005000  0.012500
  396    0    0    0  0.055000  0.007500  0.010000
  397    0    0    0  0.052250  0.005000  0.010000
  398    0    0    0  0.049500  0.002500  0.010000
  399    0    0    0  0.049500  0.000000  0.012500
  400    0    0    0  0.055000  0.000000  0.012500
  401    0    0    0  0.055000  0.002500  0.010000
  402    0    0    0  0.052250  0.000000  0.010000
  403    0    0    0  0.049500  0.025000  0.007500
  404    0    0    0  0.049500  0.022500  0.005000
  405    0    0    0  0.049500  0.020000  0.007500
  406    0    0    0  0.055000  0.020000  0.007500
  407    0    0    0  0.055000  0.022500  0.005000
  408    0    0    0  0.055000  0.025000  0.007500
  409    0    0    0  0.052250  0.020000  0.005000
  410    0    0    0  0.052250  0.025000  0.005000
  411    0    0    0  0.049500  0.017500  0.005000
  412    0    0    0  0.049500  0.015000  0.007500
  413    0    0    0  0.055000  0.015000  0.007500
  414    0    0    0  0.055000  0.017500  0.005000
  415    0    0    0  0.052250  0.015000  0.005000
  416    0    0    0  0.049500  0.012500  0.005000
  417    0    0    0  0.049500  0.010000  0.007500
  418    0    0    0  0.055000  0.010000  0.007500
  419    0    0    0  0.055000  0.012500  0.005000
  420    0    0    0  0.052250  0.010000  0.005000
  421    0    0    0  0.049500  0.007500  0.005000
  422    0    0    0  0.049500  0.005000  0.007500
  423    0    0    0  0.055000  0.005000  0.007500
  424    0    0    0  0.055000  0.007500  0.005000
  425    0    0    0  0.052250  0.005000  0.005000
  426    0    0    0  0.049500  0.002500  0.005000
  427    0    0    0  0.049500  0.000000  0.007500
  428    0    0    0  0.055000  0.000000  0.007500
  429    0    0    0  0.055000  0.002500  0.005000
  430    0    0    0  0.052250  0.000000  0.005000
  431    0    0    0  0.049500  0.025000  0.002500
  432    0    0    0  0.049500  0.022500  0.000000
  433    0    0    0  0.049500  0.020000  0.002500
  434    0    0    0  0.055000  0.020000  0.002500
  435    0    0    0  0.055000  0.022500  0.000000
  436    0    0    0  0.055000  0.025000  0.002500
  437    0    0    0  0.052250  0.020000  0.000000
  438    0    0    0  0.052250  0.025000  0.000000
  439    0    0    0  0.049500  0.017500  0.000000
  440    0    0    0  0.049500  0.015000  0.002500
  441    0    0    0  0.055000  0.015000  0.002500
  442    0    0    0  0.055000  0.017500  0.000000
  443    0    0    0  0.052250  0.015000  0.000000
  444    0    0    0  0.049500  0.012500  0.000000
  445    0    0    0  0.049500  0.010000  0.002500
  446    0    0    0  0.055000  0.010000  0.002500
  447    0    0    0  0.055000  0.012500  0.000000
  448    0    0    0  0.052250  0.010000  0.000000
  449    0    0    0  0.049500  0.007500  0.000000
  450    0    0    0  0.049500  0.005000  0.002500
  451    0    0    0  0.055000  0.005000  0.002500
  452    0    0    0  0.055000  0.007500  0.000000
  453    0    0    0  0.052250  0.005000  0.000000
  454    0    0    0  0.049500  0.002500  0.000000
  455    0    0    0  0.049500  0.000000  0.002500
  456    0    0    0  0.055000  0.000000  0.002500
  457    0    0    0  0.055000  0.002500  0.000000
  458    0    0    0  0.052250  0.000000  0.000000
  459    0    0    0  0.044000  0.025000  0.017500
  460    0    0    0  0.044000  0.022500  0.015000
  461    0    0    0  0.044000  0.020000  0.017500
  462    0    0    0  0.044000  0.022500  0.020000
  463    0    0    0  0.046750  0.020000  0.020000
  464    0    0    0  0.046750  0.025000  0.020000
  465    0    0    0  0.046750  0.020000  0.015000
  466    0    0    0  0.046750  0.025000  0.015000
  467    0    0    0  0.044000  0.017500  0.015000
  468    0    0    0  0.044000  0.015000  0.017500
  469    0    0    0  0.044000  0.017500  0.020000
  470    0    0    0  0.046750  0.015000  0.020000
  471    0    0    0  0.046750  0.015000  0.015000
  472    0    0    0  0.044000  0.012500  0.015000
  473    0    0    0  0.044000  0.010000  0.017500
  474    0    0    0  0.044000  0.012500  0.020000
  475    0    0    0  0.046750  0.010000  0.020000
  476    0    0    0  0.046750  0.010000  0.015000
  477    0    0    0  0.044000  0.007500  0.015000
  478    0    0    0  0.044000  0.005000  0.017500
  479    0    0    0  0.044000  0.007500  0.020000
  480    0    0    0  0.046750  0.005000  0.020000
  481    0    0    0  0.046750  0.005000  0.015000
  482    0    0    0  0.044000  0.002500  0.015000
  483    0    0    0  0.044000  0.000000  0.017500
  484    0    0    0  0.044000  0.002500  0.020000
  485    0    0    0  0.046750  0.000000  0.020000
  486    0    0    0  0.046750  0.000000  0.015000
  487    0    0    0  0.044000  0.025000  0.012500
  488    0    0    0  0.044000  0.022500  0.010000
  489    0    0    0  0.044000  0.020000  0.012500
  490    0    0    0  0.046750  0.020000  0.010000
  491    0    0    0  0.046750  0.025000  0.010000
  492    0    0    0  0.044000  0.017500  0.010000
  493    0    0    0  0.044000  0.015000  0.012500
  494    0    0    0  0.046750  0.015000  0.010000
  495    0    0    0  0.044000  0.012500  0.010000
  496    0    0    0  0.044000  0.010000  0.012500
  497    0    0    0  0.046750  0.010000  0.010000
  498    0    0    0  0.044000  0.007500  0.010000
  499    0    0    0  0.044000  0.005000  0.012500
  500    0    0    0  0.046750  0.005000  0.010000
  501    0    0    0  0.044000  0.002500  0.010000
  502    0    0    0  0.044000  0.000000  0.012500
  503    0    0    0  0.046750  0.000000  0.010000
  504    0    0    0  0.044000  0.025000  0.007500
  505    0    0    0  0.044000  0.022500  0.005000
  506    0    0    0  0.044000  0.020000  0.007500
  507    0    0    0  0.046750  0.020000  0.005000
  508    0    0    0  0.046750  0.025000  0.005000
  509    0    0    0  0.044000  0.017500  0.005000
  510    0    0    0  0.044000  0.015000  0.007500
  511    0    0    0  0.046750  0.015000  0.005000
  512    0    0    0  0.044000  0.012500  0.005000
  513    0    0    0  0.044000  0.010000  0.007500
  514    0    0    0  0.046750  0.010000  0.005000
  515    0    0    0  0.044000  0.007500  0.005000
  516    0    0    0  0.044000  0.005000  0.007500
  517    0    0    0  0.046750  0.005000  0.005000
  518    0    0    0  0.044000  0.002500  0.005000
  519    0    0    0  0.044000  0.000000  0.007500
  520    0    0    0  0.046750  0.000000  0.005000
  521    0    0    0  0.044000  0.025000  0.002500
  522    0    0    0  0.044000  0.022500  0.000000
  523    0    0    0  0.044000  0.020000  0.002500
  524    0    0    0  0.046750  0.020000  0.000000
  525    0    0    0  0.046750  0.025000  0.000000
  526    0    0    0  0.044000  0.017500  0.000000
  527    0    0    0  0.044000  0.015000  0.002500
  528    0    0    0  0.046750  0.015000  0.000000
  529    0    0    0  0.044000  0.012500  0.000000
  530    0    0    0  0.044000  0.010000  0.002500
  531    0    0    0  0.046750  0.010000  0.000000
  532    0    0    0  0.044000  0.007500  0.000000
  533    0    0    0  0.044000  0.005000  0.002500
  534    0    0    0  0.046750  0.005000  0.000000
  535    0    0    0  0.044000  0.002500  0.000000
  536    0    0    0  0.044000  0.000000  0.002500
  537    0    0    0  0.046750  0.000000  0.000000
  538    0    0    0  0.038500  0.025000  0.017500
  539    0    0    0  0.038500  0.022500  0.015000
  540    0    0    0  0.038500  0.020000  0.017500
  541    0    0    0  0.038500  0.022500  0.020000
  542    0    0    0  0.041250  0.020000  0.020000
  543    0    0    0  0.041250  0.025000  0.020000
  544    0    0    0  0.041250  0.020000  0.015000
  545    0    0    0  0.041250  0.025000  0.015000
  546    0    0    0  0.038500  0.017500  0.015000
  547    0    0    0  0.038500  0.015000  0.017500
  548    0    0    0  0.038500  0.017500  0.020000
  549    0    0    0  0.041250  0.015000  0.020000
  550    0    0    0  0.041250  0.015000  0.015000
  551    0    0    0  0.038500  0.012500  0.015000
  552    0    0    0  0.038500  0.010000  0.017500
  553    0    0    0  0.038500  0.012500  0.020000
  554    0    0    0  0.041250  0.010000  0.020000
  555    0    0    0  0.041250  0.010000  0.015000
  556    0    0    0  0.038500  0.007500  0.015000
  557    0    0    0  0.038500  0.005000  0.017500
  558    0    0    0  0.038500  0.007500  0.020000
  559    0    0    0  0.041250  0.005000  0.020000
  560    0    0    0  0.041250  0.005000  0.015000
  561    0    0    0  0.038500  0.002500  0.015000
  562    0    0    0  0.038500  0.000000  0.017500
  563    0    0    0  0.038500  0.002500  0.020000
  564    0    0    0  0.041250  0.000000  0.020000
  565    0    0    0  0.041250  0.000000  0.015000
  566    0    0    0  0.038500  0.025000  0.012500
  567    0    0    0  0.038500  0.022500  0.010000
  568    0    0    0  0.038500  0.020000  0.012500
  569    0    0    0  0.041250  0.020000  0.010000
  570    0    0    0  0.041250  0.025000  0.010000
  571    0    0    0  0.038500  0.017500  0.010000
  572    0    0    0  0.038500  0.015000  0.012500
  573    0    0    0  0.041250  0.015000  0.010000
  574    0    0    0  0.038500  0.012500  0.010000
  575    0    0    0  0.038500  0.010000  0.012500
  576    0    0    0  0.041250  0.010000  0.010000
  577    0    0    0  0.038500  0.007500  0.010000
  578    0    0    0  0.038500  0.005000  0.012500
  579    0    0    0  0.041250  0.005000  0.010000
  580    0    0    0  0.038500  0.002500  0.010000
  581    0    0    0  0.038500  0.000000  0.012500
  582    0    0    0  0.041250  0.000000  0.010000
  583    0    0    0  0.038500  0.025000  0.007500
  584    0    0    0  0.038500  0.022500  0.005000
  585    0    0    0  0.038500  0.020000  0.007500
  586    0    0    0  0.041250  0.020000  0.005000
  587    0    0    0  0.041250  0.025000  0.005000
  588    0    0    0  0.038500  0.017500  0.005000
  589    0    0    0  0.038500  0.015000  0.007500
  590    0    0    0  0.041250  0.015000  0.005000
  591    0    0    0  0.038500  0.012500  0.005000
  592    0    0    0  0.038500  0.010000  0.007500
  593    0    0    0  0.041250  0.010000  0.005000
  594    0    0    0  0.038500  0.007500  0.005000
  595    0    0    0  0.038500  0.005000  0.007500
  596    0    0    0  0.041250  0.005000  0.005000
  597    0    0    0  0.038500  0.002500  0.005000
  598    0    0    0  0.038500  0.000000  0.007500
  599    0    0    0  0.041250  0.000000  0.005000
  600    0    0    0  0.038500  0.025000  0.002500
  601    0    0    0  0.038500  0.022500  0.000000
  602    0    0    0  0.038500  0.020000  0.002500
  603    0    0    0  0.041250  0.020000  0.000000
  604    0    0    0  0.041250  0.025000  0.000000
  605    0    0    0  0.038500  0.017500  0.000000
  606    0    0    0  0.038500  0.015000  0.002500
  607    0    0    0  0.041250  0.015000  0.000000
  608    0    0    0  0.038500  0.012500  0.000000
  609    0    0    0  0.038500  0.010000  0.002500
  610    0    0    0  0.041250  0.010000  0.000000
  611    0    0    0  0.038500  0.007500  0.000000
  612    0    0    0  0.038500  0.005000  0.002500
  613    0    0    0  0.041250  0.005000  0.000000
  614    0    0    0  0.038500  0.002500  0.000000
  615    0    0    0  0.038500  0.000000  0.002500
  616    0    0    0  0.041250  0.000000  0.000000
  617    0    0    0  0.033000  0.025000  0.017500
  618    0    0    0  0.033000  0.022500  0.015000
  619    0    0    0  0.033000  0.020000  0.017500
  620    0    0    0  0.033000  0.022500  0.020000
  621    0    0    0  0.035750  0.020000  0.020000
  622    0    0    0  0.035750  0.025000  0.020000
  623    0    0    0  0.035750  0.020000  0.015000
  624    0    0    0  0.035750  0.025000  0.015000
  625    0    0    0  0.033000  0.017500  0.015000
  626    0    0    0  0.033000  0.015000  0.017500
  627    0    0    0  0.033000  0.017500  0.020000
  628    0    0    0  0.035750  0.015000  0.020000
  629    0    0    0  0.035750  0.015000  0.015000
  630    0    0    0  0.033000  0.012500  0.015000
  631    0    0    0  0.033000  0.010000  0.017500
  632    0    0    0  0.033000  0.012500  0.020000
  633    0    0    0  0.035750  0.010000  0.020000
  634    0    0    0  0.035750  0.010000  0.015000
  635    0    0    0  0.033000  0.007500  0.015000
  636    0    0    0  0.033000  0.005000  0.017500
  637    0    0    0  0.033000  0.007500  0.020000
  638    0    0    0  0.035750  0.005000  0.020000
  639    0    0    0  0.035750  0.005000  0.015000
  640    0    0    0  0.033000  0.002500  0.015000
  641    0    0    0  0.033000  0.000000  0.017500
  642    0    0    0  0.033000  0.002500  0.020000
  643    0    0    0  0.035750  0.000000  0.020000
  644    0    0    0  0.035750  0.000000  0.015000
  645    0    0    0  0.033000  0.025000  0.012500
  646    0    0    0  0.033000  0.022500  0.010000
  647    0    0    0  0.033000  0.020000  0.012500
  648    0    0    0  0.035750  0.020000  0.010000
  649    0    0    0  0.035750  0.025000  0.010000
  650    0    0    0  0.033000  0.017500  0.010000
  651    0    0    0  0.033000  0.015000  0.012500
  652    0    0    0  0.035750  0.015000  0.010000
  653    0    0    0  0.033000  0.012500  0.010000
  654    0    0    0  0.033000  0.010000  0.012500
  655    0    0    0  0.035750  0.010000  0.010000
  656    0    0    0  0.033000  0.007500  0.010000
  657    0    0    0  0.033000  0.005000  0.012500
  658    0    0    0  0.035750  0.005000  0.010000
  659    0    0    0  0.033000  0.002500  0.010000
  660    0    0    0  0.033000  0.000000  0.012500
  661    0    0    0  0.035750  0.000000  0.010000
  662    0    0    0  0.033000  0.025000  0.007500
  663    0    0    0  0.033000  0.022500  0.005000
  664    0    0    0  0.033000  0.020000  0.007500
  665    0    0    0  0.035750  0.020000  0.005000
  666    0    0    0  0.035750  0.025000  0.005000
  667    0    0    0  0.033000  0.017500  0.005000
  668    0    0    0  0.033000  0.015000  0.007500
  669    0    0    0  0.035750  0.015000  0.005000
  670    0    0    0  0.033000  0.012500  0.005000
  671    0    0    0  0.033000  0.010000  0.007500
  672    0    0    0  0.035750  0.010000  0.005000
  673    0    0    0  0.033000  0.007500  0.005000
  674    0    0    0  0.033000  0.005000  0.007500
  675    0    0    0  0.035750  0.005000  0.005000
  676    0    0    0  0.033000  0.002500  0.005000
  677    0    0    0  0.033000  0.000000  0.007500
  678    0    0    0  0.035750  0.000000  0.005000
  679    0    0    0  0.033000  0.025000  0.002500
  680    0    0    0  0.033000  0.022500  0.000000
  681    0    0    0  0.033000  0.020000  0.002500
  682    0    0    0  0.035750  0.020000  0.000000
  683    0    0    0  0.035750  0.025000  0.000000
  684    0    0    0  0.033000  0.017500  0.000000
  685    0    0    0  0.033000  0.015000  0.002500
  686    0    0    0  0.035750  0.015000  0.000000
  687    0    0    0  0.033000  0.012500  0.000000
  688    0    0    0  0.033000  0.010000  0.002500
  689    0    0    0  0.035750  0.010000  0.000000
  690    0    0    0  0.033000  0.007500  0.000000
  691    0    0    0  0.033000  0.005000  0.002500
  692    0    0    0  0.035750  0.005000  0.000000
  693    0    0    0  0.033000  0.002500  0.000000
  694    0    0    0  0.033000  0.000000  0.002500
  695    0    0    0  0.035750  0.000000  0.000000
  696    0    0    0  0.027500  0.025000  0.017500
  697    0    0    0  0.027500  0.022500  0.015000
  698    0    0    0  0.027500  0.020000  0.017500
  699    0    0    0  0.027500  0.022500  0.020000
  700    0    0    0  0.030250  0.020000  0.020000
  701    0    0    0  0.030250  0.025000  0.020000
  702    0    0    0  0.030250  0.020000  0.015000
  703    0    0    0  0.030250  0.025000  0.015000
  704    0    0    0  0.027500  0.017500  0.015000
  705    0    0    0  0.027500  0.015000  0.017500
  706    0    0    0  0.027500  0.017500  0.020000
  707    0    0    0  0.030250  0.015000  0.020000
  708    0    0    0  0.030250  0.015000  0.015000
  709    0    0    0  0.027500  0.012500  0.015000
  710    0    0    0  0.027500  0.010000  0.017500
  711    0    0    0  0.027500  0.012500  0.020000
  712    0    0    0  0.030250  0.010000  0.020000
  713    0    0    0  0.030250  0.010000  0.015000
  714    0    0    0  0.027500  0.007500  0.015000
  715    0    0    0  0.027500  0.005000  0.017500
  716    0    0    0  0.027500  0.007500  0.020000
  717    0    0    0  0.030250  0.005000  0.020000
  718    0    0    0  0.030250  0.005000  0.015000
  719    0    0    0  0.027500  0.002500  0.015000
  720    0    0    0  0.027500  0.000000  0.017500
  721    0    0    0  0.027500  0.002500  0.020000
  722    0    0    0  0.030250  0.000000  0.020000
  723    0    0    0  0.030250  0.000000  0.015000
  724    0    0    0  0.027500  0.025000  0.012500
  725    0    0    0  0.027500  0.022500  0.010000
  726    0    0    0  0.027500  0.020000  0.012500
  727    0    0    0  0.030250  0.020000  0.010000
  728    0    0    0  0.030250  0.025000  0.010000
  729    0    0    0  0.027500  0.017500  0.010000
  730    0    0    0  0.027500  0.015000  0.012500
  731    0    0    0  0.030250  0.015000  0.010000
  732    0    0    0  0.027500  0.012500  0.010000
  733    0    0    0  0.027500  0.010000  0.012500
  734    0    0    0  0.030250  0.010000  0.010000
  735    0    0    0  0.027500  0.007500  0.010000
  736    0    0    0  0.027500  0.005000  0.012500
  737    0    0    0  0.030250  0.005000  0.010000
  738    0    0    0  0.027500  0.002500  0.010000
  739    0    0    0  0.027500  0.000000  0.012500
  740    0    0    0  0.030250  0.000000  0.010000
  741    0    0    0  0.027500  0.025000  0.007500
  742    0    0    0  0.027500  0.022500  0.005000
  743    0    0    0  0.027500  0.020000  0.007500
  744    0    0    0  0.030250  0.020000  0.005000
  745    0    0    0  0.030250  0.025000  0.005000
  746    0    0    0  0.027500  0.017500  0.005000
  747    0    0    0  0.027500  0.015000  0.007500
  748    0    0    0  0.030250  0.015000  0.005000
  749    0    0    0  0.027500  0.012500  0.005000
  750    0    0    0  0.027500  0.010000  0.007500
  751    0    0    0  0.030250  0.010000  0.005000
  752    0    0    0  0.027500  0.007500  0.005000
  753    0    0    0  0.027500  0.005000  0.007500
  754    0    0    0  0.030250  0.005000  0.005000
  755    0    0    0  0.027500  0.002500  0.005000
  756    0    0    0  0.027500  0.000000  0.007500
  757    0    0    0  0.030250  0.000000  0.005000
  758    0    0    0  0.027500  0.025000  0.002500
  759    0    0    0  0.027500  0.022500  0.000000
  760    0    0    0  0.027500  0.020000  0.002500
  761    0    0    0  0.030250  0.020000  0.000000
  762    0    0    0  0.030250  0.025000  0.000000
  763    0    0    0  0.027500  0.017500  0.000000
  764    0    0    0  0.027500  0.015000  0.002500
  765    0    0    0  0.030250  0.015000  0.000000
  766    0    0    0  0.027500  0.012500  0.000000
  767    0    0    0  0.027500  0.010000  0.002500
  768    0    0    0  0.030250  0.010000  0.000000
  769    0    0    0  0.027500  0.007500  0.000000
  770    0    0    0  0.027500  0.005000  0.002500
  771    0    0    0  0.030250  0.005000  0.000000
  772    0    0    0  0.027500  0.002500  0.000000
  773    0    0    0  0.027500  0.000000  0.002500
  774    0    0    0  0.030250  0.000000  0.000000
  775    0    0    0  0.022000  0.025000  0.017500
  776    0    0    0  0.022000  0.022500  0.015000
  777    0    0    0  0.022000  0.020000  0.017500
  778    0    0    0  0.022000  0.022500  0.020000
  779    0    0    0  0.024750  0.020000  0.020000
  780    0    0    0  0.024750  0.025000  0.020000
  781    0    0    0  0.024750  0.020000  0.015000
  782    0    0    0  0.024750  0.025000  0.015000
  783    0    0    0  0.022000  0.017500  0.015000
  784    0    0    0  0.022000  0.015000  0.017500
  785    0    0    0  0.022000  0.017500  0.020000
  786    0    0    0  0.024750  0.015000  0.020000
  787    0    0    0  0.024750  0.015000  0.015000
  788    0    0    0  0.022000  0.012500  0.015000
  789    0    0    0  0.022000  0.010000  0.017500
  790    0    0    0  0.022000  0.012500  0.020000
  791    0    0    0  0.024750  0.010000  0.020000
  792    0    0    0  0.024750  0.010000  0.015000
  793    0    0    0  0.022000  0.007500  0.015000
  794    0    0    0  0.022000  0.005000  0.017500
  795    0    0    0  0.022000  0.007500  0.020000
  796    0    0    0  0.024750  0.005000  0.020000
  797    0    0    0  0.024750  0.005000  0.015000
  798    0    0    0  0.022000  0.002500  0.015000
  799    0    0    0  0.022000  0.000000  0.017500
  800    0    0    0  0.022000  0.002500  0.020000
  801    0    0    0  0.024750  0.000000  0.020000
  802    0    0    0  0.024750  0.000000  0.015000
  803    0    0    0  0.022000  0.025000  0.012500
  804    0    0    0  0.022000  0.022500  0.010000
  805    0    0    0  0.022000  0.020000  0.012500
  806    0    0    0  0.024750  0.020000  0.010000
  807    0    0    0  0.024750  0.025000  0.010000
  808    0    0    0  0.022000  0.017500  0.010000
  809    0    0    0  0.022000  0.015000  0.012500
  810    0    0    0  0.024750  0.015000  0.010000
  811    0    0    0  0.022000  0.012500  0.010000
  812    0    0    0  0.022000  0.010000  0.012500
  813    0    0    0  0.024750  0.010000  0.010000
  814    0    0    0  0.022000  0.007500  0.010000
  815    0    0    0  0.022000  0.005000  0.012500
  816    0    0    0  0.024750  0.005000  0.010000
  817    0    0    0  0.022000  0.002500  0.010000
  818    0    0    0  0.022000  0.000000  0.012500
  819    0    0    0  0.024750  0.000000  0.010000
  820    0    0    0  0.022000  0.025000  0.007500
  821    0    0    0  0.022000  0.022500  0.005000
  822    0    0    0  0.022000  0.020000  0.007500
  823    0    0    0  0.024750  0.020000  0.005000
  824    0    0    0  0.024750  0.025000  0.005000
  825    0    0    0  0.022000  0.017500  0.005000
  826    0    0    0  0.022000  0.015000  0.007500
  827    0    0    0  0.024750  0.015000  0.005000
  828    0    0    0  0.022000  0.012500  0.005000
  829    0    0    0  0.022000  0.010000  0.007500
  830    0    0    0  0.024750  0.010000  0.005000
  831    0    0    0  0.022000  0.007500  0.005000
  832    0    0    0  0.022000  0.005000  0.007500
  833    0    0    0  0.024750  0.005000  0.005000
  834    0    0    0  0.022000  0.002500  0.005000
  835    0    0    0  0.022000  0.000000  0.007500
  836    0    0    0  0.024750  0.000000  0.005000
  837    0    0    0  0.022000  0.025000  0.002500
  838    0    0    0  0.022000  0.022500  0.000000
  839    0    0    0  0.022000  0.020000  0.002500
  840    0    0    0  0.024750  0.020000  0.000000
  841    0    0    0  0.024750  0.025000  0.000000
  842    0    0    0  0.022000  0.017500  0.000000
  843    0    0    0  0.022000  0.015000  0.002500
  844    0    0    0  0.024750  0.015000  0.000000
  845    0    0    0  0.022000  0.012500  0.000000
  846    0    0    0  0.022000  0.010000  0.002500
  847    0    0    0  0.024750  0.010000  0.000000
  848    0    0    0  0.022000  0.007500  0.000000
  849    0    0    0  0.022000  0.005000  0.002500
  850    0    0    0  0.024750  0.005000  0.000000
  851    0    0    0  0.022000  0.002500  0.000000
  852    0    0    0  0.022000  0.000000  0.002500
  853    0    0    0  0.024750  0.000000  0.000000
  854    0    0    0  0.016500  0.025000  0.017500
  855    0    0    0  0.016500  0.022500  0.015000
  856    0    0    0  0.016500  0.020000  0.017500
  857    0    0    0  0.016500  0.022500  0.020000
  858    0    0    0  0.019250  0.020000  0.020000
  859    0    0    0  0.019250  0.025000  0.020000
  860    0    0    0  0.019250  0.020000  0.015000
  861    0    0    0  0.019250  0.025000  0.015000
  862    0    0    0  0.016500  0.017500  0.015000
  863    0    0    0  0.016500  0.015000  0.017500
  864    0    0    0  0.016500  0.017500  0.020000
  865    0    0    0  0.019250  0.015000  0.020000
  866    0    0    0  0.019250  0.015000  0.015000
  867    0    0    0  0.016500  0.012500  0.015000
  868    0    0    0  0.016500  0.010000  0.017500
  869    0    0    0  0.016500  0.012500  0.020000
  870    0    0    0  0.019250  0.010000  0.020000
  871    0    0    0  0.019250  0.010000  0.015000
  872    0    0    0  0.016500  0.007500  0.015000
  873    0    0    0  0.016500  0.005000  0.017500
  874    0    0    0  0.016500  0.007500  0.020000
  875    0    0    0  0.019250  0.005000  0.020000
  876    0    0    0  0.019250  0.005000  0.015000
  877    0    0    0  0.016500  0.002500  0.015000
  878    0    0    0  0.016500  0.000000  0.017500
  879    0    0    0  0.016500  0.002500  0.020000
  880    0    0    0  0.019250  0.000000  0.020000
  881    0    0    0  0.019250  0.000000  0.015000
  882    0    0    0  0.016500  0.025000  0.012500
  883    0    0    0  0.016500  0.022500  0.010000
  884    0    0    0  0.016500  0.020000  0.012500
  885    0    0    0  0.019250  0.020000  0.010000
  886    0    0    0  0.019250  0.025000  0.010000
  887    0    0    0  0.016500  0.017500  0.010000
  888    0    0    0  0.016500  0.015000  0.012500
  889    0    0    0  0.019250  0.015000  0.010000
  890    0    0    0  0.016500  0.012500  0.010000
  891    0    0    0  0.016500  0.010000  0.012500
  892    0    0    0  0.019250  0.010000  0.010000
  893    0    0    0  0.016500  0.007500  0.010000
  894    0    0    0  0.016500  0.005000  0.012500
  895    0    0    0  0.019250  0.005000  0.010000
  896    0    0    0  0.016500  0.002500  0.010000
  897    0    0    0  0.016500  0.000000  0.012500
  898    0    0    0  0.019250  0.000000  0.010000
  899    0    0    0  0.016500  0.025000  0.007500
  900    0    0    0  0.016500  0.022500  0.005000
  901    0    0    0  0.016500  0.020000  0.007500
  902    0    0    0  0.019250  0.020000  0.005000
  903    0    0    0  0.019250  0.025000  0.005000
  904    0    0    0  0.016500  0.017500  0.005000
  905    0    0    0  0.016500  0.015000  0.007500
  906    0    0    0  0.019250  0.015000  0.005000
  907    0    0    0  0.016500  0.012500  0.005000
  908    0    0    0  0.016500  0.010000  0.007500
  909    0    0    0  0.019250  0.010000  0.005000
  910    0    0    0  0.016500  0.007500  0.005000
  911    0    0    0  0.016500  0.005000  0.007500
  912    0    0    0  0.019250  0.005000  0.005000
  913    0    0    0  0.016500  0.002500  0.005000
  914    0    0    0  0.016500  0.000000  0.007500
  915    0    0    0  0.019250  0.000000  0.005000
  916    0    0    0  0.016500  0.025000  0.002500
  917    0    0    0  0.016500  0.022500  0.000000
  918    0    0    0  0.016500  0.020000  0.002500
  919    0    0    0  0.019250  0.020000  0.000000
  920    0    0    0  0.019250  0.025000  0.000000
  921    0    0    0  0.016500  0.017500  0.000000
  922    0    0    0  0.016500  0.015000  0.002500
  923    0    0    0  0.019250  0.015000  0.000000
  924    0    0    0  0.016500  0.012500  0.000000
  925    0    0    0  0.016500  0.010000  0.002500
  926    0    0    0  0.019250  0.010000  0.000000
  927    0    0    0  0.016500  0.007500  0.000000
  928    0    0    0  0.016500  0.005000  0.002500
  929    0    0    0  0.019250  0.005000  0.000000
  930    0    0    0  0.016500  0.002500  0.000000
  931    0    0    0  0.016500  0.000000  0.002500
  932    0    0    0  0.019250  0.000000  0.000000
  933    0    0    0  0.011000  0.025000  0.017500
  934    0    0    0  0.011000  0.022500  0.015000
  935    0    0    0  0.011000  0.020000  0.017500
  936    0    0    0  0.011000  0.022500  0.020000
  937    0    0    0  0.013750  0.020000  0.020000
  938    0    0    0  0.013750  0.025000  0.020000
  939    0    0    0  0.013750  0.020000  0.015000
  940    0    0    0  0.013750  0.025000  0.015000
  941    0    0    0  0.011000  0.017500  0.015000
  942    0    0    0  0.011000  0.015000  0.017500
  943    0    0    0  0.011000  0.017500  0.020000
  944    0    0    0  0.013750  0.015000  0.020000
  945    0    0    0  0.013750  0.015000  0.015000
  946    0    0    0  0.011000  0.012500  0.015000
  947    0    0    0  0.011000  0.010000  0.017500
  948    0    0    0  0.011000  0.012500  0.020000
  949    0    0    0  0.013750  0.010000  0.020000
  950    0    0    0  0.013750  0.010000  0.015000
  951    0    0    0  0.011000  0.007500  0.015000
  952    0    0    0  0.011000  0.005000  0.017500
  953    0    0    0  0.011000  0.007500  0.020000
  954    0    0    0  0.013750  0.005000  0.020000
  955    0    0    0  0.013750  0.005000  0.015000
  956    0    0    0  0.011000  0.002500  0.015000
  957    0    0    0  0.011000  0.000000  0.017500
  958    0    0    0  0.011000  0.002500  0.020000
  959    0    0    0  0.013750  0.000000  0.020000
  960    0    0    0  0.013750  0.000000  0.015000
  961    0    0    0  0.011000  0.025000  0.012500
  962    0    0    0  0.011000  0.022500  0.010000
  963    0    0    0  0.011000  0.020000  0.012500
  964    0    0    0  0.013750  0.020000  0.010000
  965    0    0    0  0.013750  0.025000  0.010000
  966    0    0    0  0.011000  0.017500  0.010000
  967    0    0    0  0.011000  0.015000  0.012500
  968    0    0    0  0.013750  0.015000  0.010000
  969    0    0    0  0.011000  0.012500  0.010000
  970    0    0    0  0.011000  0.010000  0.012500
  971    0    0    0  0.013750  0.010000  0.010000
  972    0    0    0  0.011000  0.007500  0.010000
  973    0    0    0  0.011000  0.005000  0.012500
  974    0    0    0  0.013750  0.005000  0.010000
  975    0    0    0  0.011000  0.002500  0.010000
  976    0    0    0  0.011000  0.000000  0.012500
  977    0    0    0  0.013750  0.000000  0.010000
  978    0    0    0  0.011000  0.025000  0.007500
  979    0    0    0  0.011000  0.022500  0.005000
  980    0    0    0  0.011000  0.020000  0.007500
  981    0    0    0  0.013750  0.020000  0.005000
  982    0    0    0  0.013750  0.025000  0.005000
  983    0    0    0  0.011000  0.017500  0.005000
  984    0    0    0  0.011000  0.015000  0.007500
  985    0    0    0  0.013750  0.015000  0.005000
  986    0    0    0  0.011000  0.012500  0.005000
  987    0    0    0  0.011000  0.010000  0.007500
  988    0    0    0  0.013750  0.010000  0.005000
  989    0    0    0  0.011000  0.007500  0.005000
  990    0    0    0  0.011000  0.005000  0.007500
  991    0    0    0  0.013750  0.005000  0.005000
  992    0    0    0  0.011000  0.002500  0.005000
  993    0    0    0  0.011000  0.000000  0.007500
  994    0    0    0  0.013750  0.000000  0.005000
  995    0    0    0  0.011000  0.025000  0.002500
  996    0    0    0  0.011000  0.022500  0.000000
  997    0    0    0  0.011000  0.020000  0.002500
  998    0    0    0  0.013750  0.020000  0.000000
  999    0    0    0  0.013750  0.025000  0.000000
 1000    0    0    0  0.011000  0.017500  0.000000
 1001    0    0    0  0.011000  0.015000  0.002500
 1002    0    0    0  0.013750  0.015000  0.000000
 1003    0    0    0  0.011000  0.012500  0.000000
 1004    0    0    0  0.011000  0.010000  0.002500
 1005    0    0    0  0.013750  0.010000  0.000000
 1006    0    0    0  0.011000  0.007500  0.000000
 1007    0    0    0  0.011000  0.005000  0.002500
 1008    0    0    0  0.013750  0.005000  0.000000
 1009    0    0    0  0.011000  0.002500  0.000000
 1010    0    0    0  0.011000  0.000000  0.002500
 1011    0    0    0  0.013750  0.000000  0.000000
 1012    0    0    0  0.005500  0.025000  0.017500
 1013    0    0    0  0.005500  0.022500  0.015000
 1014    0    0    0  0.005500  0.020000  0.017500
 1015    0    0    0  0.005500  0.022500  0.020000
 1016    0    0    0  0.008250  0.020000  0.020000
 1017    0    0    0  0.008250  0.025000  0.020000
 1018    0    0    0  0.008250  0.020000  0.015000
 1019    0    0    0  0.008250  0.025000  0.015000
 1020    0    0    0  0.005500  0.017500  0.015000
 1021    0    0    0  0.005500  0.015000  0.017500
 1022    0    0    0  0.005500  0.017500  0.020000
 1023    0    0    0  0.008250  0.015000  0.020000
 1024    0    0    0  0.008250  0.015000  0.015000
 1025    0    0    0  0.005500  0.012500  0.015000
 1026    0    0    0  0.005500  0.010000  0.017500
 1027    0    0    0  0.005500  0.012500  0.020000
 1028    0    0    0  0.008250  0.010000  0.020000
 1029    0    0    0  0.008250  0.010000  0.015000
 1030    0    0    0  0.005500  0.007500  0.015000
 1031    0    0    0  0.005500  0.005000  0.017500
 1032    0    0    0  0.005500  0.007500  0.020000
 1033    0    0    0  0.008250  0.005000  0.020000
 1034    0    0    0  0.008250  0.005000  0.015000
 1035    0    0    0  0.005500  0.002500  0.015000
 1036    0    0    0  0.005500  0.000000  0.017500
 1037    0    0    0  0.005500  0.002500  0.020000
 1038    0    0    0  0.008250  0.000000  0.020000
 1039    0    0    0  0.008250  0.000000  0.015000
 1040    0    0    0  0.005500  0.025000  0.012500
 1041    0    0    0  0.005500  0.022500  0.010000
 1042    0    0    0  0.005500  0.020000  0.012500
 1043    0    0    0  0.008250  0.020000  0.010000
 1044    0    0    0  0.008250  0.025000  0.010000
 1045    0    0    0  0.005500  0.017500  0.010000
 1046    0    0    0  0.005500  0.015000  0.012500
 1047    0    0    0  0.008250  0.015000  0.010000
 1048    0    0    0  0.005500  0.012500  0.010000
 1049    0    0    0  0.005500  0.010000  0.012500
 1050    0    0    0  0.008250  0.010000  0.010000
 1051    0    0    0  0.005500  0.007500  0.010000
 1052    0    0    0  0.005500  0.005000  0.012500
 1053    0    0    0  0.008250  0.005000  0.010000
 1054    0    0    0  0.005500  0.002500  0.010000
 1055    0    0    0  0.005500  0.000000  0.012500
 1056    0    0    0  0.008250  0.000000  0.010000
 1057    0    0    0  0.005500  0.025000  0.007500
 1058    0    0    0  0.005500  0.022500  0.005000
 1059    0    0    0  0.005500  0.020000  0.007500
 1060    0    0    0  0.008250  0.020000  0.005000
 1061    0    0    0  0.008250  0.025000  0.005000
 1062    0    0    0  0.005500  0.017500  0.005000
 1063    0    0    0  0.005500  0.015000  0.007500
 1064    0    0    0  0.008250  0.015000  0.005000
 1065    0    0    0  0.005500  0.012500  0.005000
 1066    0    0    0  0.005500  0.010000  0.007500
 1067    0    0    0  0.008250  0.010000  0.005000
 1068    0    0    0  0.005500  0.007500  0.005000
 1069    0    0    0  0.005500  0.005000  0.007500
 1070    0    0    0  0.008250  0.005000  0.005000
 1071    0    0    0  0.005500  0.002500  0.005000
 1072    0    0    0  0.005500  0.000000  0.007500
 1073    0    0    0  0.008250  0.000000  0.005000
 1074    0    0    0  0.005500  0.025000  0.002500
 1075    0    0    0  0.005500  0.022500  0.000000
 1076    0    0    0  0.005500  0.020000  0.002500
 1077    0    0    0  0.008250  0.020000  0.000000
 1078    0    0    0  0.008250  0.025000  0.000000
 1079    0    0    0  0.005500  0.017500  0.000000
 1080    0    0    0  0.005500  0.015000  0.002500
 1081    0    0    0  0.008250  0.015000  0.000000
 1082    0    0    0  0.005500  0.012500  0.000000
 1083    0    0    0  0.005500  0.010000  0.002500
 1084    0    0    0  0.008250  0.010000  0.000000
 1085    0    0    0  0.005500  0.007500  0.000000
 1086    0    0    0  0.005500  0.005000  0.002500
 1087    0    0    0  0.008250  0.005000  0.000000
 1088    0    0    0  0.005500  0.002500  0.000000
 1089    0    0    0  0.005500  0.000000  0.002500
 1090    0    0    0  0.008250  0.000000  0.000000
 1091    1    1    1  0.000000  0.025000  0.017500
 1092    1    1    1  0.000000  0.022500  0.015000
 1093    1    1    1  0.000000  0.020000  0.017500
 1094    1    1    1  0.000000  0.022500  0.020000
 1095    0    0    0  0.002750  0.020000  0.020000
 1096    0    0    0  0.002750  0.025000  0.020000
 1097    0    0    0  0.002750  0.020000  0.015000
 1098    0    0    0  0.002750  0.025000  0.015000
 1099    1    1    1  0.000000  0.017500  0.015000
 1100    1    1    1  0.000000  0.015000  0.017500
 1101    1    1    1  0.000000  0.017500  0.020000
 1102    0    0    0  0.002750  0.015000  0.020000
 1103    0    0    0  0.002750  0.015000  0.015000
 1104    1    1    1  0.000000  0.012500  0.015000
 1105    1    1    1  0.000000  0.010000  0.017500
 1106    1    1    1  0.000000  0.012500  0.020000
 1107    0    0    0  0.002750  0.010000  0.020000
 1108    0    0    0  0.002750  0.010000  0.015000
 1109    1    1    1  0.000000  0.007500  0.015000
 1110    1    1    1  0.000000  0.005000  0.017500
 1111    1    1    1  0.000000  0.007500  0.020000
 1112    0    0    0  0.002750  0.005000  0.020000
 1113    0    0    0  0.002750  0.005000  0.015000
 1114    1    1    1  0.000000  0.002500  0.015000
 1115    1    1    1  0.000000  0.000000  0.017500
 1116    1    1    1  0.000000  0.002500  0.020000
 1117    0    0    0  0.002750  0.000000  0.020000
 1118    0    0    0  0.002750  0.000000  0.015000
 1119    1    1    1  0.000000  0.025000  0.012500
 1120    1    1    1  0.000000  0.022500  0.010000
 1121    1    1    1  0.000000  0.020000  0.012500
 1122    0    0    0  0.002750  0.020000  0.010000
 1123    0    0    0  0.002750  0.025000  0.010000
 1124    1    1    1  0.000000  0.017500  0.010000
 1125    1    1    1  0.000000  0.015000  0.012500
 1126    0    0    0  0.002750  0.015000  0.010000
 1127    1    1    1  0.000000  0.012500  0.010000
 1128    1    1    1  0.000000  0.010000  0.012500
 1129    0    0    0  0.002750  0.010000  0.010000
 1130    1    1    1  0.000000  0.007500  0.010000
 1131    1    1    1  0.000000  0.005000  0.012500
 1132    0    0    0  0.002750  0.005000  0.010000
 1133    1    1    1  0.000000  0.002500  0.010000
 1134    1    1    1  0.000000  0.000000  0.012500
 1135    0    0    0  0.002750  0.000000  0.010000
 1136    1    1    1  0.000000  0.025000  0.007500
 1137    1    1    1  0.000000  0.022500  0.005000
 1138    1    1    1  0.000000  0.020000  0.007500
 1139    0    0    0  0.002750  0.020000  0.005000
 1140    0    0    0  0.002750  0.025000  0.005000
 1141    1    1    1  0.000000  0.017500  0.005000
 1142    1    1    1  0.000000  0.015000  0.007500
 1143    0    0    0  0.002750  0.015000  0.005000
 1144    1    1    1  0.000000  0.012500  0.005000
 1145    1    1    1  0.000000  0.010000  0.007500
 1146    0    0    0  0.002750  0.010000  0.005000
 1147    1    1    1  0.000000  0.007500  0.005000
 1148    1    1    1  0.000000  0.005000  0.007500
 1149    0    0    0  0.002750  0.005000  0.005000
 1150    1    1    1  0.000000  0.002500  0.005000
 1151    1    1    1  0.000000  0.000000  0.007500
 1152    0    0    0  0.002750  0.000000  0.005000
 1153    1    1    1  0.000000  0.025000  0.002500
 1154    1    1    1  0.000000  0.022500  0.000000
 1155    1    1    1  0.000000  0.020000  0.002500
 1156    0    0    0  0.002750  0.020000  0.000000
 1157    0    0    0  0.002750  0.025000  0.000000
 1158    1    1    1  0.000000  0.017500  0.000000
 1159    1    1    1  0.000000  0.015000  0.002500
 1160    0    0    0  0.002750  0.015000  0.000000
 1161    1    1    1  0.000000  0.012500  0.000000
 1162    1    1    1  0.000000  0.010000  0.002500
 1163    0    0    0  0.002750  0.010000  0.000000
 1164    1    1    1  0.000000  0.007500  0.000000
 1165    1    1    1  0.000000  0.005000  0.002500
 1166    0    0    0  0.002750  0.005000  0.000000
 1167    1    1    1  0.000000  0.002500  0.000000
 1168    1    1    1  0.000000  0.000000  0.002500
 1169    0    0    0  0.002750  0.000000  0.000000
    1    1
    6    3     -1000
    8  200    1
    1     1e+11  0.200000
    1   31   32   38   37    1    2    8    7  334  333  332  331  335  336  337  338  340  339  341  342    1
    2   32   33   39   38    2    3    9    8  345  344  343  333  346  347  348  336  339  349  350  341    1
    3   33   34   40   39    3    4   10    9  353  352  351  344  354  355  356  347  349  357  358  350    1
    4   34   35   41   40    4    5   11   10  361  360  359  352  362  363  364  355  357  365  366  358    1
    5   35   36   42   41    5    6   12   11  369  368  367  360  370  371  372  363  365  373  374  366    1
    6   37   38   44   43    7    8   14   13  332  377  376  375  337  378  379  380  342  341  381  382    1
    7   38   39   45   44    8    9   15   14  343  384  383  377  348  385  386  378  341  350  387  381    1
    8   39   40   46   45    9   10   16   15  351  389  388  384  356  390  391  385  350  358  392  387    1
    9   40   41   47   46   10   11   17   16  359  394  393  389  364  395  396  390  358  366  397  392    1
   10   41   42   48   47   11   12   18   17  367  399  398  394  372  400  401  395  366  374  402  397    1
   11   43   44   50   49   13   14   20   19  376  405  404  403  379  406  407  408  382  381  409  410    1
   12   44   45   51   50   14   15   21   20  383  412  411  405  386  413  414  406  381  387  415  409    1
   13   45   46   52   51   15   16   22   21  388  417  416  412  391  418  419  413  387  392  420  415    1
   14   46   47   53   52   16   17   23   22  393  422  421  417  396  423  424  418  392  397  425  420    1
   15   47   48   54   53   17   18   24   23  398  427  426  422  401  428  429  423  397  402  430  425    1
   16   49   50   56   55   19   20   26   25  404  433  432  431  407  434  435  436  410  409  437  438    1
   17   50   51   57   56   20   21   27   26  411  440  439  433  414  441  442  434  409  415  443  437    1
   18   51   52   58   57   21   22   28   27  416  445  444  440  419  446  447  441  415  420  448  443    1
   19   52   53   59   58   22   23   29   28  421  450  449  445  424  451  452  446  420  425  453  448    1
   20   53   54   60   59   23   24   30   29  426  455  454  450  429  456  457  451  425  430  458  453    1
   21   61   62   68   67   31   32   38   37  462  461  460  459  334  333  332  331  464  463  465  466    1
   22   62   63   69   68   32   33   39   38  469  468  467  461  345  344  343  333  463  470  471  465    1
   23   63   64   70   69   33   34   40   39  474  473  472  468  353  352  351  344  470  475  476  471    1
   24   64   65   71   70   34   35   41   40  479  478  477  473  361  360  359  352  475  480  481  476    1
   25   65   66   72   71   35   36   42   41  484  483  482  478  369  368  367  360  480  485  486  481    1
   26   67   68   74   73   37   38   44   43  460  489  488  487  332  377  376  375  466  465  490  491    1
   27   68   69   75   74   38   39   45   44  467  493  492  489  343  384  383  377  465  471  494  490    1
   28   69   70   76   75   39   40   46   45  472  496  495  493  351  389  388  384  471  476  497  494    1
   29   70   71   77   76   40   41   47   46  477  499  498  496  359  394  393  389  476  481  500  497    1
   30   71   72   78   77   41   42   48   47  482  502  501  499  367  399  398  394  481  486  503  500    1
   31   73   74   80   79   43   44   50   49  488  506  505  504  376  405  404  403  491  490  507  508    1
   32   74   75   81   80   44   45   51   50  492  510  509  506  383  412  411  405  490  494  511  507    1
   33   75   76   82   81   45   46   52   51  495  513  512  510  388  417  416  412  494  497  514  511    1
   34   76   77   83   82   46   47   53   52  498  516  515  513  393  422  421  417  497  500  517  514    1
   35   77   78   84   83   47   48   54   53  501  519  518  516  398  427  426  422  500  503  520  517    1
   36   79   80   86   85   49   50   56   55  505  523  522  521  404  433  432  431  508  507  524  525    1
   37   80   81   87   86   50   51   57   56  509  527  526  523  411  440  439  433  507  511  528  524    1
   38   81   82   88   87   51   52   58   57  512  530  529  527  416  445  444  440  511  514  531  528    1
   39   82   83   89   88   52   53   59   58  515  533  532  530  421  450  449  445  514  517  534  531    1
   40   83   84   90   89   53   54   60   59  518  536  535  533  426  455  454  450  517  520  537  534    1
   41   91   92   98   97   61   62   68   67  541  540  539  538  462  461  460  459  543  542  544  545    1
   42   92   93   99   98   62   63   69   68  548  547  546  540  469  468  467  461  542  549  550  544    1
   43   93   94  100   99   63   64   70   69  553  552  551  547  474  473  472  468  549  554  555  550    1
   44   94   95  101  100   64   65   71   70  558  557  556  552  479  478  477  473  554  559  560  555    1
   45   95   96  102  101   65   66   72   71  563  562  561  557  484  483  482  478  559  564  565  560    1
   46   97   98  104  103   67   68   74   73  539  568  567  566  460  489  488  487  545  544  569  570    1
   47   98   99  105  104   68   69   75   74  546  572  571  568  467  493  492  489  544  550  573  569    1
   48   99  100  106  105   69   70   76   75  551  575  574  572  472  496  495  493  550  555  576  573    1
   49  100  101  107  106   70   71   77   76  556  578  577  575  477  499  498  496  555  560  579  576    1
   50  101  102  108  107   71   72   78   77  561  581  580  578  482  502  501  499  560  565  582  579    1
   51  103  104  110  109   73   74   80   79  567  585  584  583  488  506  505  504  570  569  586  587    1
   52  104  105  111  110   74   75   81   80  571  589  588  585  492  510  509  506  569  573  590  586    1
   53  105  106  112  111   75   76   82   81  574  592  591  589  495  513  512  510  573  576  593  590    1
   54  106  107  113  112   76   77   83   82  577  595  594  592  498  516  515  513  576  579  596  593    1
   55  107  108  114  113   77   78   84   83  580  598  597  595  501  519  518  516  579  582  599  596    1
   56  109  110  116  115   79   80   86   85  584  602  601  600  505  523  522  521  587  586  603  604    1
   57  110  111  117  116   80   81   87   86  588  606  605  602  509  527  526  523  586  590  607  603    1
   58  111  112  118  117   81   82   88   87  591  609  608  606  512  530  529  527  590  593  610  607    1
   59  112  113  119  118   82   83   89   88  594  612  611  609  515  533  532  530  593  596  613  610    1
   60  113  114  120  119   83   84   90   89  597  615  614  612  518  536  535  533  596  599  616  613    1
   61  121  122  128  127   91   92   98   97  620  619  618  617  541  540  539  538  622  621  623  624    1
   62  122  123  129  128   92   93   99   98  627  626  625  619  548  547  546  540  621  628  629  623    1
   63  123  124  130  129   93   94  100   99  632  631  630  626  553  552  551  547  628  633  634  629    1
   64  124  125  131  130   94   95  101  100  637  636  635  631  558  557  556  552  633  638  639  634    1
   65  125  126  132  131   95   96  102  101  642  641  640  636  563  562  561  557  638  643  644  639    1
   66  127  128  134  133   97   98  104  103  618  647  646  645  539  568  567  566  624  623  648  649    1
   67  128  129  135  134   98   99  105  104  625  651  650  647  546  572  571  568  623  629  652  648    1
   68  129  130  136  135   99  100  106  105  630  654  653  651  551  575  574  572  629  634  655  652    1
   69  130  131  137  136  100  101  107  106  635  657  656  654  556  578  577  575  634  639  658  655    1
   70  131  132  138  137  101  102  108  107  640  660  659  657  561  581  580  578  639  644  661  658    1
   71  133  134  140  139  103  104  110  109  646  664  663  662  567  585  584  583  649  648  665  666    1
   72  134  135  141  140  104  105  111  110  650  668  667  664  571  589  588  585  648  652  669  665    1
   73  135  136  142  141  105  106  112  111  653  671  670  668  574  592  591  589  652  655  672  669    1
   74  136  137  143  142  106  107  113  112  656  674  673  671  577  595  594  592  655  658  675  672    1
   75  137  138  144  143  107  108  114  113  659  677  676  674  580  598  597  595  658  661  678  675    1
   76  139  140  146  145  109  110  116  115  663  681  680  679  584  602  601  600  666  665  682  683    1
   77  140  141  147  146  110  111  117  116  667  685  684  681  588  606  605  602  665  669  686  682    1
   78  141  142  148  147  111  112  118  117  670  688  687  685  591  609  608  606  669  672  689  686    1
   79  142  143  149  148  112  113  119  118  673  691  690  688  594  612  611  609  672  675  692  689    1
   80  143  144  150  149  113  114  120  119  676  694  693  691  597  615  614  612  675  678  695  692    1
   81  151  152  158  157  121  122  128  127  699  698  697  696  620  619  618  617  701  700  702  703    1
   82  152  153  159  158  122  123  129  128  706  705  704  698  627  626  625  619  700  707  708  702    1
   83  153  154  160  159  123  124  130  129  711  710  709  705  632  631  630  626  707  712  713  708    1
   84  154  155  161  160  124  125  131  130  716  715  714  710  637  636  635  631  712  717  718  713    1
   85  155  156  162  161  125  126  132  131  721  720  719  715  642  641  640  636  717  722  723  718    1
   86  157  158  164  163  127  128  134  133  697  726  725  724  618  647  646  645  703  702  727  728    1
   87  158  159  165  164  128  129  135  134  704  730  729  726  625  651  650  647  702  708  731  727    1
   88  159  160  166  165  129  130  136  135  709  733  732  730  630  654  653  651  708  713  734  731    1
   89  160  161  167  166  130  131  137  136  714  736  735  733  635  657  656  654  713  718  737  734    1
   90  161  162  168  167  131  132  138  137  719  739  738  736  640  660  659  657  718  723  740  737    1
   91  163  164  170  169  133  134  140  139  725  743  742  741  646  664  663  662  728  727  744  745    1
   92  164  165  171  170  134  135  141  140  729  747  746  743  650  668  667  664  727  731  748  744    1
   93  165  166  172  171  135  136  142  141  732  750  749  747  653  671  670  668  731  734  751  748    1
   94  166  167  173  172  136  137  143  142  735  753  752  750  656  674  673  671  734  737  754  751    1
   95  167  168  174  173  137  138  144  143  738  756  755  753  659  677  676  674  737  740  757  754    1
   96  169  170  176  175  139  140  146  145  742  760  759  758  663  681  680  679  745  744  761  762    1
   97  170  171  177  176  140  141  147  146  746  764  763  760  667  685  684  681  744  748  765  761    1
   98  171  172  178  177  141  142  148  147  749  767  766  764  670  688  687  685  748  751  768  765    1
   99  172  173  179  178  142  143  149  148  752  770  769  767  673  691  690  688  751  754  771  768    1
  100  173  174  180  179  143  144  150  149  755  773  772  770  676  694  693  691  754  757  774  771    1
  101  181  182  188  187  151  152  158  157  778  777  776  775  699  698  697  696  780  779  781  782    1
  102  182  183  189  188  152  153  159  158  785  784  783  777  706  705  704  698  779  786  787  781    1
  103  183  184  190  189  153  154  160  159  790  789  788  784  711  710  709  705  786  791  792  787    1
  104  184  185  191  190  154  155  161  160  795  794  793  789  716  715  714  710  791  796  797  792    1
  105  185  186  192  191  155  156  162  161  800  799  798  794  721  720  719  715  796  801  802  797    1
  106  187  188  194  193  157  158  164  163  776  805  804  803  697  726  725  724  782  781  806  807    1
  107  188  189  195  194  158  159  165  164  783  809  808  805  704  730  729  726  781  787  810  806    1
  108  189  190  196  195  159  160  166  165  788  812  811  809  709  733  732  730  787  792  813  810    1
  109  190  191  197  196  160  161  167  166  793  815  814  812  714  736  735  733  792  797  816  813    1
  110  191  192  198  197  161  162  168  167  798  818  817  815  719  739  738  736  797  802  819  816    1
  111  193  194  200  199  163  164  170  169  804  822  821  820  725  743  742  741  807  806  823  824    1
  112  194  195  201  200  164  165  171  170  808  826  825  822  729  747  746  743  806  810  827  823    1
  113  195  196  202  201  165  166  172  171  811  829  828  826  732  750  749  747  810  813  830  827    1
  114  196  197  203  202  166  167  173  172  814  832  831  829  735  753  752  750  813  816  833  830    1
  115  197  198  204  203  167  168  174  173  817  835  834  832  738  756  755  753  816  819  836  833    1
  116  199  200  206  205  169  170  176  175  821  839  838  837  742  760  759  758  824  823  840  841    1
  117  200  201  207  206  170  171  177  176  825  843  842  839  746  764  763  760  823  827  844  840    1
  118  201  202  208  207  171  172  178  177  828  846  845  843  749  767  766  764  827  830  847  844    1
  119  202  203  209  208  172  173  179  178  831  849  848  846  752  770  769  767  830  833  850  847    1
  120  203  204  210  209  173  174  180  179  834  852  851  849  755  773  772  770  833  836  853  850    1
  121  211  212  218  217  181  182  188  187  857  856  855  854  778  777  776  775  859  858  860  861    1
  122  212  213  219  218  182  183  189  188  864  863  862  856  785  784  783  777  858  865  866  860    1
  123  213  214  220  219  183  184  190  189  869  868  867  863  790  789  788  784  865  870  871  866    1
  124  214  215  221  220  184  185  191  190  874  873  872  868  795  794  793  789  870  875  876  871    1
  125  215  216  222  221  185  186  192  191  879  878  877  873  800  799  798  794  875  880  881  876    1
  126  217  218  224  223  187  188  194  193  855  884  883  882  776  805  804  803  861  860  885  886    1
  127  218  219  225  224  188  189  195  194  862  888  887  884  783  809  808  805  860  866  889  885    1
  128  219  220  226  225  189  190  196  195  867  891  890  888  788  812  811  809  866  871  892  889    1
  129  220  221  227  226  190  191  197  196  872  894  893  891  793  815  814  812  871  876  895  892    1
  130  221  222  228  227  191  192  198  197  877  897  896  894  798  818  817  815  876  881  898  895    1
  131  223  224  230  229  193  194  200  199  883  901  900  899  804  822  821  820  886  885  902  903    1
  132  224  225  231  230  194  195  201  200  887  905  904  901  808  826  825  822  885  889  906  902    1
  133  225  226  232  231  195  196  202  201  890  908  907  905  811  829  828  826  889  892  909  906    1
  134  226  227  233  232  196  197  203  202  893  911  910  908  814  832  831  829  892  895  912  909    1
  135  227  228  234  233  197  198  204  203  896  914  913  911  817  835  834  832  895  898  915  912    1
  136  229  230  236  235  199  200  206  205  900  918  917  916  821  839  838  837  903  902  919  920    1
  137  230  231  237  236  200  201  207  206  904  922  921  918  825  843  842  839  902  906  923  919    1
  138  231  232  238  237  201  202  208  207  907  925  924  922  828  846  845  843  906  909  926  923    1
  139  232  233  239  238  202  203  209  208  910  928  927  925  831  849  848  846  909  912  929  926    1
  140  233  234  240  239  203  204  210  209  913  931  930  928  834  852  851  849  912  915  932  929    1
  141  241  242  248  247  211  212  218  217  936  935  934  933  857  856  855  854  938  937  939  940    1
  142  242  243  249  248  212  213  219  218  943  942  941  935  864  863  862  856  937  944  945  939    1
  143  243  244  250  249  213  214  220  219  948  947  946  942  869  868  867  863  944  949  950  945    1
  144  244  245  251  250  214  215  221  220  953  952  951  947  874  873  872  868  949  954  955  950    1
  145  245  246  252  251  215  216  222  221  958  957  956  952  879  878  877  873  954  959  960  955    1
  146  247  248  254  253  217  218  224  223  934  963  962  961  855  884  883  882  940  939  964  965    1
  147  248  249  255  254  218  219  225  224  941  967  966  963  862  888  887  884  939  945  968  964    1
  148  249  250  256  255  219  220  226  225  946  970  969  967  867  891  890  888  945  950  971  968    1
  149  250  251  257  256  220  221  227  226  951  973  972  970  872  894  893  891  950  955  974  971    1
  150  251  252  258  257  221  222  228  227  956  976  975  973  877  897  896  894  955  960  977  974    1
  151  253  254  260  259  223  224  230  229  962  980  979  978  883  901  900  899  965  964  981  982    1
  152  254  255  261  260  224  225  231  230  966  984  983  980  887  905  904  901  964  968  985  981    1
  153  255  256  262  261  225  226  232  231  969  987  986  984  890  908  907  905  968  971  988  985    1
  154  256  257  263  262  226  227  233  232  972  990  989  987  893  911  910  908  971  974  991  988    1
  155  257  258  264  263  227  228  234  233  975  993  992  990  896  914  913  911  974  977  994  991    1
  156  259  260  266  265  229  230  236  235  979  997  996  995  900  918  917  916  982  981  998  999    1
  157  260  261  267  266  230  231  237  236  983 1001 1000  997  904  922  921  918  981  985 1002  998    1
  158  261  262  268  267  231  232  238  237  986 1004 1003 1001  907  925  924  922  985  988 1005 1002    1
  159  262  263  269  268  232  233  239  238  989 1007 1006 1004  910  928  927  925  988  991 1008 1005    1
  160  263  264  270  269  233  234  240  239  992 1010 1009 1007  913  931  930  928  991  994 1011 1008    1
  161  271  272  278  277  241  242  248  247 1015 1014 1013 1012  936  935  934  933 1017 1016 1018 1019    1
  162  272  273  279  278  242  243  249  248 1022 1021 1020 1014  943  942  941  935 1016 1023 1024 1018    1
  163  273  274  280  279  243  244  250  249 1027 1026 1025 1021  948  947  946  942 1023 1028 1029 1024    1
  164  274  275  281  280  244  245  251  250 1032 1031 1030 1026  953  952  951  947 1028 1033 1034 1029    1
  165  275  276  282  281  245  246  252  251 1037 1036 1035 1031  958  957  956  952 1033 1038 1039 1034    1
  166  277  278  284  283  247  248  254  253 1013 1042 1041 1040  934  963  962  961 1019 1018 1043 1044    1
  167  278  279  285  284  248  249  255  254 1020 1046 1045 1042  941  967  966  963 1018 1024 1047 1043    1
  168  279  280  286  285  249  250  256  255 1025 1049 1048 1046  946  970  969  967 1024 1029 1050 1047    1
  169  280  281  287  286  250  251  257  256 1030 1052 1051 1049  951  973  972  970 1029 1034 1053 1050    1
  170  281  282  288  287  251  252  258  257 1035 1055 1054 1052  956  976  975  973 1034 1039 1056 1053    1
  171  283  284  290  289  253  254  260  259 1041 1059 1058 1057  962  980  979  978 1044 1043 1060 1061    1
  172  284  285  291  290  254  255  261  260 1045 1063 1062 1059  966  984  983  980 1043 1047 1064 1060    1
  173  285  286  292  291  255  256  262  261 1048 1066 1065 1063  969  987  986  984 1047 1050 1067 1064    1
  174  286  287  293  292  256  257  263  262 1051 1069 1068 1066  972  990  989  987 1050 1053 1070 1067    1
  175  287  288  294  293  257  258  264  263 1054 1072 1071 1069  975  993  992  990 1053 1056 1073 1070    1
  176  289  290  296  295  259  260  266  265 1058 1076 1075 1074  979  997  996  995 1061 1060 1077 1078    1
  177  290  291  297  296  260  261  267  266 1062 1080 1079 1076  983 1001 1000  997 1060 1064 1081 1077    1
  178  291  292  298  297  261  262  268  267 1065 1083 1082 1080  986 1004 1003 1001 1064 1067 1084 1081    1
  179  292  293  299  298  262  263  269  268 1068 1086 1085 1083  989 1007 1006 1004 1067 1070 1087 1084    1
  180  293  294  300  299  263  264  270  269 1071 1089 1088 1086  992 1010 1009 1007 1070 1073 1090 1087    1
  181  301  302  308  307  271  272  278  277 1094 1093 1092 1091 1015 1014 1013 1012 1096 1095 1097 1098    1
  182  302  303  309  308  272  273  279  278 1101 1100 1099 1093 1022 1021 1020 1014 1095 1102 1103 1097    1
  183  303  304  310  309  273  274  280  279 1106 1105 1104 1100 1027 1026 1025 1021 1102 1107 1108 1103    1
  184  304  305  311  310  274  275  281  280 1111 1110 1109 1105 1032 1031 1030 1026 1107 1112 1113 1108    1
  185  305  306  312  311  275  276  282  281 1116 1115 1114 1110 1037 1036 1035 1031 1112 1117 1118 1113    1
  186  307  308  314  313  277  278  284  283 1092 1121 1120 1119 1013 1042 1041 1040 1098 1097 1122 1123    1
  187  308  309  315  314  278  279  285  284 1099 1125 1124 1121 1020 1046 1045 1042 1097 1103 1126 1122    1
  188  309  310  316  315  279  280  286  285 1104 1128 1127 1125 1025 1049 1048 1046 1103 1108 1129 1126    1
  189  310  311  317  316  280  281  287  286 1109 1131 1130 1128 1030 1052 1051 1049 1108 1113 1132 1129    1
  190  311  312  318  317  281  282  288  287 1114 1134 1133 1131 1035 1055 1054 1052 1113 1118 1135 1132    1
  191  313  314  320  319  283  284  290  289 1120 1138 1137 1136 1041 1059 1058 1057 1123 1122 1139 1140    1
  192  314  315  321  320  284  285  291  290 1124 1142 1141 1138 1045 1063 1062 1059 1122 1126 1143 1139    1
  193  315  316  322  321  285  286  292  291 1127 1145 1144 1142 1048 1066 1065 1063 1126 1129 1146 1143    1
  194  316  317  323  322  286  287  293  292 1130 1148 1147 1145 1051 1069 1068 1066 1129 1132 1149 1146    1
  195  317  318  324  323  287  288  294  293 1133 1151 1150 1148 1054 1072 1071 1069 1132 1135 1152 1149    1
  196  319  320  326  325  289  290  296  295 1137 1155 1154 1153 1058 1076 1075 1074 1140 1139 1156 1157    1
  197  320  321  327  326  290  291  297  296 1141 1159 1158 1155 1062 1080 1079 1076 1139 1143 1160 1156    1
  198  321  322  328  327  291  292  298  297 1144 1162 1161 1159 1065 1083 1082 1080 1143 1146 1163 1160    1
  199  322  323  329  328  292  293  299  298 1147 1165 1164 1162 1068 1086 1085 1083 1146 1149 1166 1163    1
  200  323  324  330  329  293  294  300  299 1150 1168 1167 1165 1071 1089 1088 1086 1149 1152 1169 1166    1
